9.585000000000000853e+00 4.289999999999999925e-01
1.636799999999999855e+01 3.350000000000000200e-01
2.372899999999999920e+01 3.569999999999999840e-01
3.092999999999999972e+01 3.729999999999999982e-01
4.030299999999999727e+01 4.390000000000000013e-01
4.680400000000000205e+01 4.020000000000000240e-01
5.544800000000000040e+01 3.820000000000000062e-01
6.240100000000000335e+01 3.250000000000000111e-01
6.890999999999999659e+01 4.000000000000000222e-01
7.346299999999999386e+01 3.029999999999999916e-01
7.769700000000000273e+01 3.489999999999999769e-01
8.638500000000000512e+01 2.849999999999999756e-01
9.046999999999999886e+01 2.879999999999999782e-01
9.511400000000000432e+01 3.079999999999999960e-01
9.954800000000000182e+01 2.819999999999999729e-01
1.040559999999999974e+02 3.820000000000000062e-01
1.058439999999999941e+02 3.380000000000000226e-01
1.079549999999999983e+02 3.069999999999999951e-01
1.096359999999999957e+02 5.140000000000000124e-01
1.114869999999999948e+02 2.869999999999999774e-01
1.133940000000000055e+02 3.160000000000000031e-01
1.157319999999999993e+02 2.899999999999999800e-01
1.176119999999999948e+02 4.339999999999999969e-01
1.435569999999999879e+02 6.219999999999999973e-01
1.519319999999999879e+02 4.020000000000000240e-01
1.609329999999999927e+02 3.930000000000000160e-01
1.689749999999999943e+02 4.709999999999999742e-01
1.778189999999999884e+02 4.109999999999999765e-01
1.849749999999999943e+02 4.309999999999999942e-01
1.914799999999999898e+02 5.190000000000000169e-01
1.958839999999999861e+02 3.699999999999999956e-01
1.995939999999999941e+02 4.119999999999999774e-01
2.036370000000000005e+02 3.850000000000000089e-01
2.073729999999999905e+02 5.130000000000000115e-01
2.119290000000000020e+02 3.890000000000000124e-01
2.166150000000000091e+02 4.390000000000000013e-01
2.199470000000000027e+02 4.430000000000000049e-01
2.244550000000000125e+02 6.979999999999999538e-01
2.267410000000000139e+02 4.729999999999999760e-01
2.288369999999999891e+02 3.770000000000000018e-01
2.306419999999999959e+02 3.719999999999999973e-01
2.323129999999999882e+02 3.569999999999999840e-01
2.341080000000000041e+02 3.780000000000000027e-01
2.357990000000000066e+02 3.910000000000000142e-01
2.380500000000000114e+02 3.960000000000000187e-01
